%YAML:1.0
aruco_bc_nmarkers: 2
aruco_bc_mInfoType: 1
aruco_bc_markers:
   - { id:88, corners:[ [ -0.0349, 0.0349, 0. ], [ 0.0349, 0.0349, 0. ], [
       0.0349, -0.0349, 0. ], [ -0.0349, -0.0349, 0. ] ] }

   - { id:0, corners:[ [ -0.0349, 0.01147, 0. ], [ 0.0349, 0.01147, 0. ], [
       0.0349, 0.0448, 0. ], [ -0.0349, 0.0448, 0. ] ] }

   - { id:65, corners:[ [ 0.0448, 0.0349, 0. ], [ 0.1147, 0.0349, 0. ], [
       0.1147, -0.0349, 0. ], [ 0.0448, -0.0349, 0. ] ] }

   - { id:43, corners:[ [ 0.0448, 0.1147, 0. ], [ 0.1147, 0.1147, 0. ], [
       0.1147, 0.0448, 0. ], [ 0.0448, 0.0448, 0. ] ] }

   - { id:465, corners:[ [ -0.0349, -0.0448, 0. ], [ 0.0349, -0.0448, 0. ], [
       0.0349, -0.1147, 0. ], [ -0.0349, -0.1147, 0. ] ] }

   - { id:97, corners:[ [ 0.1245, 0.1147, 0. ], [ 0.1944, 0.1147, 0. ], [
       0.1944, 0.0448, 0. ], [ 0.1245, 0.0448, 0. ] ] }

   - { id:246, corners:[ [ 0.1245, 0.0349, 0. ], [ 0.1944, 0.0349, 0. ], [
       0.1944, -0.0349, 0. ], [ 0.1245, -0.0349, 0. ] ] }

   - { id:35, corners:[ [ 0.1245, -0.0448, 0. ], [ 0.1944, -0.0448, 0. ], [
       0.1944, -0.1147, 0. ], [ 0.1245, -0.1147, 0. ] ] }

   - { id:6, corners:[ [ 0.0448, -0.0448, 0. ], [ 0.1147, -0.0448, 0. ], [
       0.1147, -0.1147, 0. ], [ 0.0448, -0.0448, 0. ] ] }

   - { id:19, corners:[ [ -0.1147, 0.0349, 0. ], [ -0.0448, 0.0349, 0. ],  [ 
	-0.0448, -0.0349, 0. ], [ -0.1147, -0.0349, 0. ] ] }

   - { id:30, corners:[ [ -0.1147, 0.1147, 0. ], [ -0.0448, 0.1147, 0. ],  [ 
	-0.0448, 0.0448, 0. ], [-0.1147, 0.0448, 0. ] }

   - { id:846, corners:[ [ -0.1147, -0.0448, 0. ], [ -0.0448, -0.0448, 0. ], [
        -0.0448, -0.1147, 0. ], [ -0.1147, -0.1147, 0. ] ] }

   - { id:70, corners:[ [ -0.1944, 0.1147, 0. ], [ -0.1245, 0.1147, 0. ] [
        -0.1245, 0.0448, 0. ], [ -0.1944, 0.0448, 0. ] ] }

   - { id:102, corners:[ [ -0.1944, 0.0349, 0. ], [ -0.1245, 0.0349, 0. ], [
       -0.1245, -0.0349, 0. ], [ -0.1944, -0.0349, 0. ] ] }

   - { id:94, corners:[ [ -0.1944, -0.0448, 0. ], [ -0.1245, -0.0448, 0. ], [
        -0.1245, -0.1147, 0. ], [ -0.1944, -0.1147, 0. ] ] }
