%YAML:1.0
aruco_bc_nmarkers: 2
aruco_bc_mInfoType: 1
aruco_bc_markers:
   - { id:0, corners:[ [ -0.08, 0.08, 0. ], [ 0.08, 0.08, 0. ], [
       0.08, -0.08, 0. ], [ -0.08, -0.08, 0. ] ] }
   - { id:1, corners:[ [ -0.05, 0.05, 0. ], [ 0.05, 0.05, 0. ], [
       0.05, -0.05, 0. ], [ -0.05, -0.05, 0. ] ] }
